M=[[nN20 nN40 nN60 nN80];[26 40 53.5 78];[nLTC20 nLTC40 nLTC60 nLTC80];[nLTEB20 nLTEB40 nLTEB60 nLTEB80];[nC20Flip nC40Flip nC60Flip nC80Flip];[nEB20Flip nEB40Flip nEB60Flip nEB80Flip];[CMn20Flip CMn40Flip CMn60Flip CMn80Flip];[EBCn20Flip EBCn40Flip EBCn60Flip EBCn80Flip];[IMn20Flip IMn40Flip IMn60Flip IMn80Flip];[EBIn20Flip EBIn40Flip EBIn60Flip EBIn80Flip];[N20 N40 N60 N80];[20 40 57.5 80];[LTC20 LTC40 LTC60 LTC80];[LTEB20 LTEB40 LTEB60 LTEB80];[C20Flip C40Flip C60Flip C80Flip];[EB20Flip EB40Flip EB60Flip EB80Flip];[CM20Flip CM40Flip CM60Flip CM80Flip];[EBC20Flip EBC40Flip EBC60Flip EBC80Flip];[IM20Flip IM40Flip IM60Flip IM80Flip];[EBI20Flip EBI40Flip EBI60Flip EBI80Flip]];


% [26 40 53.5 78];[nC20 nC40 nC60 nC80];[nEB20 nEB40 nEB60 nEB80]
% [20 40 57.5 80];[C20 C40 C60 C80];[EB20 EB40 EB60 EB80]
% 
% [20 40 57.5 80];[CM20 CM40 CM60 CM80];[EBC20 EBC40 EBC60 EBC80]
% [26 40 53.5 78];[CMn20 CMn40 CMn60 CMn80];[EBCn20 EBCn40 EBCn60 EBCn80]
% 
% [20 40 57.5 80];[IM20 IM40 IM60 IM80];[EBI20 EBI40 EBI60 EBI80]
% [26 40 53.5 78];[IMn20 IMn40 IMn60 IMn80];[EBIn20 EBIn40 EBIn60 EBIn80]